classification report (make head): simplecnn_label_smoothing
              precision    recall  f1-score   support

           0       0.50      0.47      0.49       108
           1       0.76      0.65      0.70       193
           2       0.54      0.41      0.47       149
           3       0.64      0.62      0.63       225
           4       0.56      0.46      0.51        80
           5       0.37      0.35      0.36        82
           6       0.39      0.53      0.45       278
           7       0.70      0.58      0.64        12
           8       0.47      0.24      0.32        33
           9       0.63      0.40      0.49       122
          10       0.52      0.29      0.37        42
          11       0.59      0.54      0.56        54
          12       0.76      0.47      0.58       225
          13       0.41      0.45      0.43       548
          14       0.50      0.66      0.57        70
          15       1.00      0.24      0.38        17
          16       0.60      0.29      0.39       212
          17       0.36      0.09      0.15        43
          18       0.80      0.35      0.49        57
          19       0.48      0.66      0.56       213
          20       0.59      0.48      0.53       438
          21       0.76      0.40      0.52        63
          22       0.69      0.44      0.54        41
          23       1.00      0.13      0.24        15
          24       1.00      0.45      0.62        11
          25       0.45      0.36      0.40       182
          26       0.43      0.14      0.21        44
          27       0.55      0.62      0.59        69
          28       0.55      0.71      0.62      1125
          29       0.40      0.42      0.41       283
          30       0.56      0.33      0.42       186
          31       0.60      0.57      0.59       614
          32       0.57      0.72      0.63       891
          33       0.00      0.00      0.00        10
          34       0.67      0.67      0.67       799
          35       0.65      0.67      0.66       118
          36       0.00      0.00      0.00        18
          37       0.44      0.23      0.30        30
          38       0.71      0.56      0.62         9
          39       0.50      0.10      0.17        10
          40       0.59      0.40      0.47       128
          41       0.63      0.44      0.52        55
          42       0.57      0.45      0.50       283
          43       0.37      0.40      0.38       404
          44       0.34      0.40      0.37       270
          45       0.52      0.63      0.57       450
          46       0.56      0.42      0.48        80
          47       0.53      0.41      0.46       210
          48       0.50      0.11      0.18         9
          49       0.36      0.54      0.43       240
          50       0.71      0.69      0.70       558
          51       0.23      0.56      0.33       190
          52       0.52      0.45      0.48       326
          53       1.00      0.14      0.25        21
          54       0.78      0.26      0.39        27
          55       0.86      0.43      0.57        14
          56       0.45      0.44      0.45       360
          57       0.50      0.07      0.12        14
          58       0.65      0.57      0.61       214
          59       0.77      0.44      0.56       160
          60       0.67      0.15      0.25        13
          61       0.28      0.25      0.27       106
          62       0.38      0.19      0.25        16
          63       0.68      0.45      0.54       431
          64       0.37      0.72      0.49       226
          65       0.94      0.81      0.87        21
          66       0.52      0.65      0.58       270
          67       0.49      0.46      0.47       191
          68       0.43      0.50      0.47       267
          69       0.80      0.38      0.52        42
          70       0.68      0.44      0.53       471
          71       0.64      0.52      0.58       345
          72       0.53      0.58      0.55       322
          73       0.81      0.32      0.46       110
          74       0.54      0.53      0.53       376

    accuracy                           0.53     14939
   macro avg       0.57      0.43      0.46     14939
weighted avg       0.55      0.53      0.53     14939
