classification report (model head): hierarchical
              precision    recall  f1-score   support

           0       1.00      0.70      0.83        37
           1       0.89      0.67      0.76        12
           2       0.66      0.82      0.73        72
           3       1.00      0.86      0.92        14
           4       0.81      0.77      0.79        22
           5       0.62      0.88      0.73        78
           6       0.80      1.00      0.89        35
           7       1.00      0.96      0.98        24
           8       0.79      0.67      0.72        33
           9       0.81      0.93      0.87        42
          10       0.90      1.00      0.95        27
          11       0.80      0.80      0.80        20
          12       0.40      0.86      0.55        29
          13       0.83      0.77      0.80        13
          14       1.00      0.72      0.84        36
          15       0.75      0.84      0.79        62
          16       0.95      0.88      0.92        43
          17       0.79      0.88      0.83        25
          18       0.74      0.85      0.79        20
          19       0.89      0.81      0.85        21
          20       0.95      0.67      0.78        30
          21       0.88      0.92      0.90        25
          22       0.74      0.91      0.82        32
          23       0.81      1.00      0.90        13
          24       0.53      0.77      0.63        35
          25       0.98      0.96      0.97        45
          26       0.70      0.91      0.79        33
          27       0.90      0.90      0.90        21
          28       1.00      0.83      0.91        18
          29       0.97      0.81      0.88        36
          30       0.92      0.96      0.94        23
          31       0.97      0.85      0.91        34
          32       0.69      1.00      0.82         9
          33       0.85      0.81      0.83        27
          34       0.97      0.90      0.93        63
          35       0.94      0.89      0.91        18
          36       0.86      0.92      0.89        13
          37       0.90      0.90      0.90        21
          38       0.84      0.89      0.86        53
          39       0.78      0.84      0.81        45
          40       0.99      0.95      0.97        74
          41       0.73      0.83      0.78        59
          42       0.91      0.66      0.76        32
          43       1.00      0.73      0.85        15
          44       0.84      0.55      0.67        49
          45       0.95      0.98      0.97       100
          46       0.94      0.96      0.95        80
          47       0.81      0.90      0.85        29
          48       0.75      0.89      0.81        27
          49       1.00      0.85      0.92        66
          50       0.71      0.44      0.55        27
          51       1.00      0.67      0.80        24
          52       1.00      0.86      0.92        14
          53       0.80      0.92      0.86        13
          54       0.92      0.82      0.87        28
          55       1.00      0.93      0.96        28
          56       0.92      0.90      0.91        40
          57       0.96      0.86      0.91        29
          58       0.85      0.79      0.81        14
          59       0.85      0.85      0.85        27
          60       0.87      0.71      0.78        28
          61       0.95      0.87      0.91        23
          62       1.00      0.75      0.86        16
          63       0.65      0.92      0.76        12
          64       0.62      0.80      0.70        10
          65       0.67      0.86      0.75        14
          66       0.92      0.95      0.94        63
          67       0.74      0.77      0.76        22
          68       0.92      0.89      0.91        27
          69       0.90      0.86      0.88        21
          70       0.96      0.92      0.94        25
          71       0.77      0.59      0.67        17
          72       0.79      0.52      0.63        21
          73       0.56      0.90      0.69        21
          74       0.91      0.99      0.95        79
          75       1.00      0.90      0.95        61
          76       0.98      0.85      0.91        53
          77       0.86      0.93      0.89        27
          78       0.78      1.00      0.88        14
          79       0.85      0.77      0.81        30
          80       0.94      0.79      0.86        38
          81       0.84      0.88      0.86        49
          82       0.93      1.00      0.97        14
          83       0.79      0.73      0.76        15
          84       0.69      0.64      0.67        14
          85       0.88      1.00      0.94        29
          86       0.77      0.74      0.75        31
          87       0.98      0.90      0.94        63
          88       0.83      1.00      0.90        19
          89       0.60      0.81      0.69        58
          90       0.56      0.71      0.62        14
          91       0.85      0.79      0.81        14
          92       0.91      0.71      0.80        56
          93       0.96      0.89      0.92        53
          94       1.00      0.78      0.88        54
          95       0.88      0.96      0.92        23
          96       0.87      0.93      0.90        14
          97       0.98      0.78      0.87        59
          98       0.85      0.71      0.77        24
          99       1.00      0.78      0.88        77
         100       0.87      1.00      0.93        13
         101       0.76      0.81      0.79        16
         102       1.00      0.77      0.87        13
         103       0.78      0.86      0.82        29
         104       0.97      0.77      0.86        48
         105       0.79      0.69      0.73        16
         106       0.91      0.91      0.91        46
         107       1.00      0.76      0.86        21
         108       1.00      0.43      0.60        14
         109       0.90      0.82      0.86        11
         110       1.00      0.80      0.89        30
         111       0.84      0.98      0.90        52
         112       0.98      0.93      0.96        59
         113       1.00      0.91      0.95        43
         114       0.86      0.80      0.83        15
         115       0.64      0.82      0.72        34
         116       1.00      0.80      0.89        56
         117       0.93      0.76      0.84        50
         118       0.95      0.88      0.92        68
         119       0.83      0.92      0.87        52
         120       0.97      0.76      0.85        45
         121       0.78      0.89      0.83        61
         122       0.81      1.00      0.89        21
         123       0.94      0.98      0.96        48
         124       0.87      0.76      0.81        17
         125       1.00      0.93      0.97        60
         126       0.62      1.00      0.76        13
         127       1.00      0.87      0.93        15
         128       0.96      1.00      0.98        48
         129       0.79      0.70      0.75        27
         130       0.76      0.93      0.84        42
         131       0.65      0.93      0.76        14
         132       0.85      0.85      0.85        26
         133       0.47      0.58      0.52        12
         134       0.87      0.82      0.85        40
         135       0.53      0.71      0.61        14
         136       0.95      0.95      0.95        43
         137       0.79      0.83      0.81        36
         138       0.95      0.91      0.93        22
         139       0.96      0.82      0.88        28
         140       0.97      0.92      0.95        39
         141       0.94      0.76      0.84        21
         142       0.96      0.85      0.90        27
         143       0.94      0.89      0.91        18
         144       1.00      1.00      1.00        13
         145       1.00      0.97      0.99        40
         146       1.00      0.97      0.98        29
         147       0.96      0.85      0.90        27
         148       1.00      0.80      0.89        35
         149       1.00      0.85      0.92        13
         150       0.91      0.71      0.80        14
         151       1.00      0.71      0.83        14
         152       0.92      0.70      0.79        33
         153       0.89      0.73      0.80        11
         154       1.00      0.50      0.67        10
         155       0.77      0.71      0.74        14
         156       0.93      1.00      0.97        14
         157       0.90      0.96      0.93        28
         158       0.79      0.79      0.79        14
         159       0.89      0.89      0.89        27
         160       1.00      1.00      1.00        13
         161       0.83      0.81      0.82        36
         162       0.87      0.82      0.84        82
         163       0.86      0.55      0.67        11
         164       0.96      0.90      0.92        48
         165       0.88      1.00      0.94        15
         166       0.84      0.91      0.88        35
         167       0.98      0.76      0.86        55
         168       1.00      0.65      0.79        23
         169       0.85      0.83      0.84        41
         170       0.89      0.76      0.82        33
         171       0.88      0.81      0.84        52
         172       1.00      0.72      0.84        72
         173       0.25      0.77      0.38        13
         174       0.91      0.86      0.88        57
         175       0.76      0.83      0.79        70
         176       0.93      0.88      0.90        16
         177       0.93      0.88      0.90        32
         178       0.93      0.76      0.84        85
         179       0.93      0.91      0.92        44
         180       0.69      0.64      0.67        14
         181       0.82      0.70      0.75        33
         182       0.90      0.81      0.85        43
         183       0.71      0.71      0.71        17
         184       0.85      0.72      0.78        32
         185       0.77      1.00      0.87        24
         186       0.54      0.76      0.63        17
         187       0.95      0.89      0.92        62
         188       0.75      0.82      0.78        22
         189       0.70      0.50      0.58        14
         190       0.91      0.84      0.87        70
         191       0.84      0.92      0.88        63
         192       0.87      0.92      0.90        51
         193       0.92      0.85      0.89        41
         194       0.65      0.92      0.76        12
         195       0.89      0.92      0.91        64
         196       0.86      0.75      0.80        16
         197       1.00      0.89      0.94        18
         198       0.92      0.79      0.85        14
         199       0.90      0.75      0.82        24
         200       0.89      0.78      0.83        32
         201       0.95      0.63      0.76        30
         202       0.77      0.63      0.70        38
         203       0.88      0.65      0.75        34
         204       1.00      0.81      0.90        32
         205       0.97      0.83      0.90        47
         206       0.70      0.64      0.67        11
         207       1.00      0.76      0.86        29
         208       0.92      0.69      0.79        16
         209       0.86      0.73      0.79        26
         210       0.96      0.79      0.87        29
         211       0.92      0.86      0.89        14
         212       0.99      0.90      0.94        80
         213       0.59      0.93      0.72        14
         214       0.85      0.94      0.89        18
         215       0.75      1.00      0.86        18
         216       0.93      0.78      0.85        32
         217       0.90      0.94      0.92        77
         218       0.79      0.85      0.81        13
         219       0.36      0.71      0.48        34
         220       0.86      0.89      0.87        27
         221       0.67      0.93      0.78        59
         222       0.26      0.90      0.40        10
         223       0.85      0.76      0.80        58
         224       0.67      0.83      0.74        12
         225       0.97      0.97      0.97        33
         226       0.82      0.82      0.82        28
         227       0.69      0.87      0.77        23
         228       0.97      0.71      0.82        49
         229       1.00      0.77      0.87        22
         230       0.83      1.00      0.91        10
         231       0.90      0.81      0.85        32
         232       0.41      0.85      0.56        20
         233       1.00      0.55      0.71        22
         234       0.79      0.92      0.85        12
         235       1.00      0.88      0.93         8
         236       0.81      0.77      0.79        22
         237       1.00      0.65      0.79        17
         238       0.91      0.81      0.86        26
         239       0.78      0.93      0.85        27
         240       0.62      0.77      0.69        30
         241       0.80      0.97      0.88        29
         242       0.67      0.96      0.79        23
         243       0.91      1.00      0.96        32
         244       1.00      0.91      0.95        11
         245       0.94      0.81      0.87        58
         246       0.90      0.54      0.68        35
         247       0.82      0.95      0.88        19
         248       0.96      0.87      0.91        52
         249       0.53      1.00      0.69         9
         250       0.94      0.77      0.85        44
         251       0.95      0.77      0.85        47
         252       0.95      0.97      0.96        38
         253       0.77      0.91      0.83        22
         254       0.82      1.00      0.90        14
         255       0.83      0.68      0.75        28
         256       0.66      0.86      0.75        96
         257       0.75      0.23      0.35        13
         258       0.89      0.79      0.84        42
         259       0.96      0.77      0.86        31
         260       0.97      0.91      0.94        32
         261       0.65      0.69      0.67        16
         262       0.95      0.95      0.95        22
         263       0.80      0.94      0.86        17
         264       0.96      0.83      0.89        52
         265       0.85      0.89      0.87        64
         266       0.95      0.84      0.89        43
         267       0.95      0.79      0.87        53
         268       0.97      0.90      0.94        42
         269       0.71      0.77      0.74        13
         270       0.92      0.89      0.91        38
         271       0.73      0.73      0.73        15
         272       1.00      0.63      0.77        43
         273       0.98      0.75      0.85        57
         274       0.84      0.79      0.82        48
         275       0.95      0.57      0.71        35
         276       0.86      0.79      0.83        63
         277       0.82      0.69      0.75        13
         278       1.00      0.87      0.93        54
         279       1.00      0.97      0.98        29
         280       1.00      0.92      0.96        37
         281       1.00      0.78      0.88        37
         282       0.89      0.77      0.83        74
         283       0.96      0.79      0.87        34
         284       0.98      0.57      0.72        89
         285       0.96      0.79      0.87        29
         286       1.00      0.80      0.89        45
         287       0.88      0.96      0.91        45
         288       1.00      0.68      0.81        19
         289       0.80      0.80      0.80        15
         290       0.47      0.64      0.54        11
         291       0.97      0.97      0.97        37
         292       0.78      0.58      0.67        12
         293       0.87      0.90      0.88        29
         294       0.87      0.87      0.87        15
         295       0.90      0.82      0.86        11
         296       1.00      0.80      0.89        15
         297       0.83      0.87      0.85        39
         298       0.94      0.91      0.93        35
         299       0.97      0.72      0.83        50
         300       0.78      0.74      0.76        19
         301       1.00      0.75      0.86        24
         302       0.94      0.84      0.89        19
         303       0.56      0.88      0.69        25
         304       1.00      0.91      0.95        69
         305       0.93      1.00      0.96        13
         306       0.67      0.92      0.78        62
         307       0.26      0.67      0.37        15
         308       0.72      1.00      0.84        13
         309       0.62      0.42      0.50        19
         310       0.36      0.87      0.51        52
         311       0.87      0.83      0.85        41
         312       0.69      0.79      0.73        14
         313       0.54      0.93      0.68        14
         314       0.82      0.92      0.87        50
         315       0.95      0.72      0.82        29
         316       0.54      0.81      0.65        31
         317       0.60      0.90      0.72        10
         318       0.65      0.81      0.72        16
         319       1.00      0.75      0.86        36
         320       0.97      0.84      0.90        43
         321       0.38      1.00      0.56        30
         322       0.80      0.67      0.73        12
         323       0.93      0.86      0.90        65
         324       0.85      0.89      0.87        64
         325       0.73      0.89      0.80         9
         326       0.65      0.65      0.65        17
         327       0.71      1.00      0.83        24
         328       0.49      0.96      0.65        72
         329       0.88      0.82      0.85        87
         330       0.62      0.86      0.72        36
         331       0.59      0.94      0.72        54
         332       0.88      0.67      0.76        54
         333       0.79      0.80      0.80        61
         334       0.86      0.78      0.82        82
         335       0.52      0.86      0.65        14
         336       0.48      1.00      0.65        12
         337       0.55      0.69      0.61        16
         338       0.91      1.00      0.95        29
         339       0.64      0.82      0.72        17
         340       0.95      0.74      0.83        27
         341       0.85      1.00      0.92        11
         342       0.96      0.92      0.94        24
         343       1.00      1.00      1.00        22
         344       0.74      1.00      0.85        20
         345       0.43      1.00      0.60        13
         346       0.96      0.94      0.95        51
         347       0.77      0.77      0.77        13
         348       0.61      1.00      0.76        14
         349       0.97      0.70      0.81        56
         350       0.91      0.72      0.81        29
         351       0.93      0.93      0.93        28
         352       0.90      0.60      0.72        73
         353       0.66      0.82      0.73        67
         354       0.87      0.94      0.90        81
         355       0.95      0.67      0.79       135
         356       0.77      0.90      0.83        30
         357       0.70      0.96      0.81        27
         358       0.70      0.96      0.81        24
         359       1.00      0.61      0.75        33
         360       0.75      0.60      0.67        35
         361       0.86      0.82      0.84        44
         362       0.84      0.84      0.84        25
         363       1.00      0.70      0.82        33
         364       0.55      0.87      0.68        31
         365       0.88      0.71      0.79        49
         366       0.76      0.90      0.82        69
         367       0.92      0.85      0.88        26
         368       0.86      0.93      0.89        41
         369       0.80      0.82      0.81        82
         370       0.89      0.44      0.59        18
         371       0.39      0.87      0.53        45
         372       0.89      0.63      0.74        54
         373       0.69      0.65      0.67        52
         374       0.71      0.69      0.70        52
         375       0.87      0.60      0.71        88
         376       0.50      0.89      0.64        66
         377       0.95      0.83      0.89        71
         378       0.88      0.81      0.85        27
         379       0.50      0.62      0.56        24
         380       1.00      0.79      0.88        29
         381       0.81      0.71      0.76        31
         382       0.86      0.90      0.88        41
         383       0.96      0.91      0.93        75
         384       0.43      0.60      0.50        10
         385       0.91      0.69      0.78        29
         386       1.00      0.58      0.74        43
         387       0.92      0.93      0.92        71
         388       0.93      0.88      0.90        16
         389       0.72      0.92      0.81        74
         390       0.96      0.66      0.78        38
         391       0.67      0.75      0.71        32
         392       0.76      0.87      0.81       140
         393       0.96      0.81      0.88        64
         394       0.91      0.79      0.85       115
         395       0.85      0.82      0.84        28
         396       0.75      0.64      0.69        14
         397       0.62      0.76      0.68        17
         398       0.69      0.79      0.73        14
         399       0.81      0.62      0.70        21
         400       0.87      0.71      0.78        28
         401       0.71      0.71      0.71        14
         402       0.88      0.85      0.86        41
         403       1.00      0.93      0.96        14
         404       0.97      0.76      0.86        51
         405       0.98      0.98      0.98        53
         406       0.89      0.44      0.59        18
         407       0.96      0.80      0.87        30
         408       0.75      1.00      0.86         9
         409       0.75      0.90      0.82        10
         410       1.00      0.71      0.83        59
         411       0.91      0.74      0.82        69
         412       0.83      0.80      0.82        25
         413       0.53      0.80      0.64        30
         414       0.91      0.97      0.94        62
         415       0.93      0.82      0.87        79
         416       0.50      0.86      0.63        14
         417       0.71      1.00      0.83        15
         418       0.82      0.78      0.80        46
         419       0.53      0.83      0.65        41
         420       0.86      0.46      0.60        26
         421       0.98      0.76      0.86        76
         422       0.83      0.90      0.86        21
         423       0.62      0.97      0.76        31
         424       1.00      1.00      1.00        28
         425       0.95      0.86      0.91        72
         426       1.00      0.83      0.91        24
         427       1.00      0.81      0.89        21
         428       0.95      0.90      0.93        21
         429       1.00      0.93      0.97        46
         430       0.96      0.73      0.83        64

    accuracy                           0.83     14939
   macro avg       0.84      0.82      0.82     14939
weighted avg       0.86      0.83      0.83     14939
